48
-127
-97
48
13
6
9
42
-122
72
-122
-9
13
1
1
1
5
0
3
-127
-115
0
48
-127
-119
2
-127
-127
0
-104
-46
-66
-124
-108
-121
-90
-71
20
10
4
110
106
-19
66
-74
40
116
-22
19
16
-4
51
-46
93
-22
-89
-64
-50
-108
73
41
42
50
15
-65
16
-1
-84
-83
-95
85
32
-59
41
76
34
95
53
127
114
-20
0
-97
97
-95
-6
-73
62
69
-5
68
-83
-87
6
-86
-116
36
-46
-85
117
-28
-20
-36
19
126
-17
-71
-60
11
9
-44
1
-50
-35
42
-119
-107
-121
93
-116
-58
-31
-50
124
65
-126
-128
-85
100
-16
72
70
97
12
72
-34
110
89
30
-72
109
-12
-46
18
-119
-45
-91
104
-115
124
89
-91
85
2
84
-10
33
2
3
1
0
1